apcode	apzone	origpax2019	apnum
ABE	4256	425860	1
ABI	1610	78240	2
ABQ	4255	2414090	3
ABR	3830	30650	4
ABY	2859	38740	5
ACK	1023	85420	6
ACT	765	58860	7
ACV	4436	82490	8
ACY	4371	507580	9
ADK	1434	3390	10
ADQ	1577	63990	11
AEX	1592	114710	12
AGS	2356	310230	13
AKN	2685	10180	14
ALB	1270	1397870	15
ALO	3689	21760	16
AMA	3792	328090	17
ANC	578	1882380	18
APN	2418	14170	19
ART	2115	21710	20
ASE	2777	287080	21
ATL	467	17568580	22
ATW	1905	340320	23
AUS	715	7335140	24
AVL	1354	744730	25
AVP	4257	269110	26
AZO	1058	132060	27
BDL	317	3105220	28
BET	3427	65370	29
BFL	116	125920	30
BGR	4335	285820	31
BHM	2	1375170	32
BIL	3116	407370	33
BIS	2014	283970	34
BJI	4198	32630	35
BLI	3235	318890	36
BMI	4116	202750	37
BNA	620	6986270	38
BOI	4269	1870440	39
BOS	4364	15112090	40
BPT	645	28960	41
BQK	1844	39590	42
BRD	3929	23730	43
BRO	738	117270	44
BRW	4304	36520	45
BTM	3122	27540	46
BTR	956	366140	47
BTV	4068	632600	48
BUF	1260	2251560	49
BUR	67	2855890	50
BWI	998	8877480	51
BZN	4303	737820	52
CAE	4295	562710	53
CAK	1383	368370	54
CDC	2605	25340	55
CDV	1930	17600	56
CHA	615	499500	57
CHO	4290	349840	58
CHS	3321	2165630	59
CID	3706	599130	60
CLE	1374	4319310	61
CLL	763	75510	62
CLT	1360	6791630	63
CMH	1389	3652880	64
CMI	1830	97240	65
CMX	2409	20160	66
COD	1495	38520	67
COS	309	759860	68
COU	3552	112870	69
CPR	1485	95170	70
CRP	753	303680	71
CRW	2513	200000	72
CSG	2860	50400	73
CVG	2880	3776700	74
CWA	1916	123230	75
CYS	1492	16410	76
DAB	4307	321470	77
DAL	784	5258780	78
DAY	1396	730950	79
DBQ	3677	36510	80
DCA	815	9579580	81
DEN	4271	19753240	82
DFW	795	13792610	83
DHN	3312	54920	84
DLG	1573	9110	85
DLH	4300	140220	86
DRO	2774	181220	87
DRT	1618	21920	88
DSM	4273	1264370	89
DTW	1079	9230250	90
EAU	4277	18520	91
EGE	2539	185160	92
EKO	2232	21030	93
ELM	1892	142170	94
ELP	759	1599780	95
ESC	2411	20070	96
EUG	582	549480	97
EVV	550	210480	98
EWN	4194	112520	99
EWR	1202	12831580	100
EYW	2989	434000	101
FAI	1729	457090	102
FAR	1999	423120	103
FAT	106	766920	104
FAY	1364	209020	105
FLG	4383	113210	106
FLL	354	11647870	107
FNT	4259	279280	108
FSD	3479	512950	109
FSM	1977	85920	110
FWA	553	352760	111
GCC	1484	25710	112
GCK	2034	23780	113
GEG	841	1806830	114
GFK	1767	109870	115
GGG	3475	27250	116
GJT	3176	231260	117
GNV	346	248400	118
GPT	4309	267910	119
GRB	890	302180	120
GRI	2574	66460	121
GRK	762	137520	122
GRR	1054	1610920	123
GSO	1352	933350	124
GSP	605	1109110	125
GST	1576	4080	126
GTF	3128	164760	127
GTR	1585	46670	128
GUC	2530	34390	129
HDN	3530	104540	130
HIB	4302	18200	131
HLN	3145	104690	132
HNL	479	6132230	133
HOB	1633	26540	134
HOU	664	4397860	135
HPN	1225	844100	136
HRL	754	324620	137
HSV	4267	616150	138
IAD	838	4405290	139
IAH	676	8371680	140
ICT	4265	762120	141
IDA	3150	163150	142
ILM	4191	479820	143
IMT	2417	22270	144
IND	560	4128050	145
INL	4181	18430	146
ISN	1997	60320	147
ISP	1232	764660	148
ITO	3258	565760	149
JAC	1479	407720	150
JAN	3031	500340	151
JAX	364	3179440	152
JFK	1318	11093230	153
JLN	4098	44720	154
JNU	1730	265030	155
KOA	4305	1594860	156
KTN	1580	116520	157
LAN	1056	147170	158
LAR	1475	17180	159
LAS	1142	18743450	160
LAW	4283	50200	161
LAX	189	23469100	162
LBB	634	486740	163
LCH	1590	58600	164
LEX	575	602210	165
LFT	963	239060	166
LGA	1333	12920900	167
LGB	156	1710050	168
LIH	3268	1540950	169
LIT	54	974870	170
LNK	1132	135430	171
LRD	733	85290	172
LSE	1695	95280	173
LWB	2529	7930	174
LWS	3493	41170	175
MAF	3092	630020	176
MBS	2667	116240	177
MCI	1429	4988840	178
MCO	426	18946080	179
MDT	938	680600	180
MDW	525	6274690	181
MEI	3435	19330	182
MEM	630	2060930	183
MFE	757	394030	184
MFR	585	488190	185
MGM	4296	179270	186
MHK	2805	70550	187
MHT	4293	814140	188
MIA	4268	7082080	189
MKE	898	3101350	190
MKG	2661	16560	191
MLB	349	231700	192
MLI	2086	322400	193
MLU	1587	106460	194
MMH	1525	17800	195
MOB	8	292240	196
MOT	2018	151670	197
MRY	4468	217520	198
MSN	886	1052260	199
MSO	3123	428270	200
MSP	1106	10380120	201
MSY	4261	6089220	202
MTJ	3527	146240	203
MVY	4301	36890	204
MYR	613	1221990	205
OAJ	4242	158430	206
OAK	78	5403030	207
OGG	3316	3020350	208
OKC	1412	1907340	209
OMA	1136	2191660	210
OME	1731	37060	211
ONT	210	2515530	212
ORD	513	18488340	213
ORF	3452	1776770	214
OTH	1818	13190	215
OTZ	1579	34330	216
PAH	2935	14090	217
PBI	427	3310640	218
PDX	591	7866310	219
PGD	3405	812430	220
PHF	3463	197380	221
PHL	941	9606140	222
PHX	4386	13940050	223
PIA	1673	310300	224
PIE	402	1103640	225
PIH	3524	47030	226
PIT	901	4126720	227
PLN	2403	30550	228
PNS	371	983110	229
PSC	4285	386460	230
PSG	1924	20740	231
PSP	204	1032790	232
PVD	1659	1861080	233
PWM	1420	1030010	234
RAP	3802	310800	235
RDD	302	47690	236
RDM	4408	440390	237
RDU	1366	5927460	238
RFD	4331	112890	239
RIC	831	1931710	240
RKS	1636	21290	241
RNO	1147	1998580	242
ROA	3769	305280	243
ROC	1252	1111160	244
ROW	1792	56380	245
RST	4222	164530	246
RSW	378	4796600	247
SAF	4314	129480	248
SAN	164	11013700	249
SAT	729	4379650	250
SAV	445	1337420	251
SBA	4485	453170	252
SBN	548	380080	253
SBP	4480	245660	254
SCC	1575	46860	255
SCK	4457	95240	256
SDF	573	1819140	257
SEA	869	14991770	258
SFB	413	1473870	259
SFO	254	15429010	260
SGF	4299	517230	261
SGU	2327	95800	262
SHD	3770	10720	263
SHV	964	299360	264
SIT	1733	75190	265
SJC	133	6475300	266
SJT	1452	64640	267
SLC	807	7141830	268
SMF	261	5747350	269
SMX	259	23460	270
SNA	195	4874310	271
SPI	2595	67450	272
SPS	1757	41270	273
SRQ	382	937880	274
STL	1124	5338500	275
STS	145	235660	276
SUN	3490	94600	277
SUX	3602	45310	278
SWF	1272	174440	279
SYR	4278	1153020	280
TLH	380	359670	281
TOL	4288	117740	282
TPA	433	9428460	283
TRI	3670	202550	284
TTN	1215	459880	285
TUL	4280	1337780	286
TUS	51	1722420	287
TVC	4326	258960	288
TWF	3146	45930	289
TXK	2174	37610	290
TYR	635	58790	291
TYS	3897	1097040	292
VLD	2614	43020	293
VPS	3420	782770	294
WRG	1925	13030	295
WYS	3137	10030	296
XNA	2478	775690	297
YAK	1928	10460	298
YUM	1782	94890	299
