parkCode park_type park_tractgeoid park_numaindex park_sqm founded frwcaccess hascamping hasrvcamping haslodging halopop halohh haloemp haloentemp halowater haloprotl haloarea leent1 leent2 leent3 wateraccess win_visits spr_visits sum_visits aut_visits fr_foreign parkName 
acad 1 23009965900 1655 114.6576854 1916 0.470588235 1 1 0 190585.7529 81603.82467 94293.56321 10050.88431 3268722212 1554666578 15687880419 10.225 12.264 13.009 0 37847 784922 2119447 495070 -1 Acadia National Park 
arch 1 49019000300 2603 195.7540973 1929 0.181818182 1 1 0 15778.73909 6189.66088 6814.32218 2522.20872 96176855.13 22315802480 29130035416 9.606 12.082 12.719 0 183929 611468 601740 262565 -1 Arches National Park 
badl 1 46102940800 3833 722.9684735 1939 0.473684211 1 1 1 127124.4299 47140.3942 55999.63655 7951.55653 162814945 7204070396 48234792326 9.613 10.039 12.563 0 33557 298484 576903 62054 -1 Badlands National Park 
band 2 35043011000 1797 79.78183944 1916 0 1 1 0 525073.9805 205243.7483 208077.7547 32206.98217 51959883.52 13468844472 27717866866 11.132 10.405 12.779 0 23916 77273 58244 41308 -1 Bandelier National Monument 
bibe 1 48043950500 1445 1662.143086 1935 0.432835821 1 1 1 5935.70604 2366.60191 1485.08864 544.7442 25742785.69 5452333113 22458629980 7.668 10.241 12.399 0 156273 107951 60231 139377 -1 Big Bend National Park 
bisc 1 12086980100 4268 17.70552611 1968 0 1 0 0 4621602.167 1552544.469 1958783.416 248537.1265 1458920266 8098085390 11390303630 12.737 12.087 13.178 0 187312 209124 153153 158933 -1 Biscayne National Park 
blca 1 8085966202 3527 79.63150277 1933 0.166666667 1 1 0 86725.59478 35254.58145 28359.90647 3509.49898 119917929.7 17872067472 26304310360 10.668 12.593 12.293 0 23470 175564 179834 53950 -1 Black Canyon of the Gunnison National Park
brca 1 49017000400 2828 89.31559452 1923 0.56097561 1 1 1 20170.65967 7024.80265 7692.05681 2090.31541 393579456.4 23855210114 28000494274 8.979 11.667 13.128 0 142526 933326 1177856 341196 -1 Bryce Canyon National Park 
cach 2 4001944100 4059 210.9014898 1931 0 1 0 1 72465.87838 19803.89398 14905.84253 1628.17671 37613623.93 651017876.3 31906654018 9.594 11.608 12.824 0 75740 114104 141643 129270 -1 Canyon de Chelly National Monument 
cany 1 49037978100 3868 844.5583253 1964 0.25 1 1 0 17609.61605 6300.15188 8631.11671 2872.90749 307624850.8 35576208170 42928132693 9.854 11.149 13.124 0 77643 296620 231786 127947 -1 Canyonlands National Park 
care 1 49055979100 2609 617.3996083 1937 1 1 1 0 17933.2684 6068.13266 6664.81174 1504.01403 459383396.8 39822954158 47030859958 9.134 11.895 12.893 0 97677 495406 426770 206666 -1 Capitol Reef National Park 
cavo 2 35059950200 1804 1.921101051 1916 0.5 0 0 0 15064.73844 6754.7127 5834.27632 1110.79419 28906923.78 2211063394 21071367627 8.111 11.721 12.75 0 9285 26938 36435 8959 -1 Capulin Volcano National Monument 
cave 1 35015000700 1649 101.7920469 1923 0.5 1 0 0 47290.32156 16787.06168 19389.48723 2023.46507 75500282.47 11025434661 28005687221 9.513 11.491 11.58 0 79144 136170 134253 91124 -1 Carlsbad Caverns National Park 
cebr 2 49021110100 2605 15.22242094 1933 1 1 1 0 68832.68997 22117.35695 22080.00914 4095.78002 164094245.9 16214046260 22333586602 9.771 12.798 12.106 0 21350 108117 349229 101165 -1 Cedar Breaks National Monument 
chis 1 6083980100 1423 287.4901374 1938 0 1 0 0 1653641.744 548891.62 686729.1576 90180.36393 661408806.4 7207283090 14233134564 12.708 13.739 13.145 1 66407 123203 136055 83965 -1 Channel Islands National Park 
colm 2 8077001900 3176 52.83696354 1911 0 1 1 0 170687.624 69002.32864 65567.08057 8646.36383 78759108.38 17520425267 24986606032 10.212 11.553 13.01 0 51267 128215 151945 65605 -1 Colorado National Monument 
cong 1 45079011800 4291 59.61924639 1976 0 1 0 0 1090976.67 413411.1603 467545.4112 49772.27571 1101283717 917235509.6 26162498668 12.452 13.45 13.313 0 35031 57476 30276 36662 -1 Congaree National Park 
crla 1 41035970100 4407 530.6045903 1902 0.5 1 0 1 313676.9499 129026.8428 117771.4891 15646.89062 786110691.9 32183364844 48728060723 10.851 12.09 12.519 0 10356 164148 462929 67079 -1 Crater Lake National Park 
crmo 2 16023970100 3518 157.535452 1924 0.4 1 1 0 28935.38375 10114.98849 10172.71624 1255.98831 197666032.4 22003011553 28796830550 9.872 11.391 11.978 0 12174 95741 143670 20639 -1 Craters of the Moon National Monument 
deva 1 6027000800 4118 8282.183675 1920 0.333333333 1 1 1 119650.9505 45259.64731 25514.84454 4958.43378 228202066.6 80336610067 1.01E+11 9.015 14.143 13.456 0 403432 455087 477013 405413 -1 Death Valley National Park 
dena 1 2068000100 3428 36206.10474 1917 0.333333333 1 0 0 2215.80154 699.43766 600.90652 121.86551 1697105447 1.88E+11 2.24E+11 5.981 10.1 7.841 0 7312 201837 383626 8377 -1 Denali National Park 
depo 2 6039000102 2331 1.985777234 1911 0 0 0 0 39761.95885 15252.80343 14635.11929 7062.70214 334504801.5 19404415847 21316775990 11.446 13.486 14.068 0 0 775 122481 24608 -1 Devils Postpile National Monument 
deto 2 56011950200 1489 4.145815072 1906 0.25 1 1 0 16484.33106 6525.64115 5102.52887 405.96424 63656044.55 3398110009 21415528188 9.642 9.751 11.276 0 9240 140346 276525 24674 -1 Devils Tower National Monument 
dino 2 8081000600 3187 569.6631597 1915 0.2 1 1 0 46757.89294 14352.75113 16855.53221 1830.35254 205682116.6 31579585577 46530562251 9.478 12.864 11.689 0 9929 113186 144465 31385 -1 Dinosaur National Monument 
efmo 2 19005960400 3733 7.291962111 1949 0 0 0 0 174484.8981 70371.6893 70031.55199 4724.04791 588220033.8 908510227.3 25209922307 11.528 13.616 13.297 0 7406 16901 28027 13247 -1 Effigy Mounds National Monument 
elma 2 35006974700 1651 263.1476255 1987 0 0 0 0 45935.006 14029.55565 10301.2799 1252.19448 25617572.64 10738788410 33426680991 10.894 11.011 12.867 0 21665 51895 51842 33522 -1 El Malpais National Monument 
elmo 2 35006945800 1651 2.974223552 1906 0 1 1 0 65765.50394 20074.17213 19798.79955 2605.45398 15568164.33 6210090558 21287037248 10.009 11.418 12.857 0 8803 23595 24037 12432 -1 El Morro National Monument 
ever 1 12087980000 2989 2096.601151 1934 0.4375 1 0 0 5155780.982 1758294.555 2144456.413 291032.391 3185740172 16358957206 23828047391 12.789 12.32 13.051 0 329650 276980 204040 307630 -1 Everglades National Park 
flfo 2 8119010106 305 16.14094247 1969 0.5 0 0 0 817521.8192 302263.7923 300454.158 40558.47292 97034428.71 10531646997 22610002239 12.503 11.198 11.52 0 5129 24663 37198 10350 -1 Florissant Fossil Beds National Monument 
fopu 2 13051011107 445 11.73659486 1924 0 0 0 0 663080.1757 248692.7225 250616.6588 43215.78634 1187470378 2160807586 13413446214 11.666 12.757 14.13 0 58826 120643 103564 91257 -1 Fort Pulaski National Monument 
gewa 2 51193010300 1739 1.655635857 1930 1 0 0 0 1176426.239 398810.3635 314626.2421 41791.1595 1449877757 994753453.7 17512283022 13.338 13.613 14.237 0 7554 51691 47425 32996 -1 George Washington Birthplace National Monument 
glba 1 2105000300 1576 15755.07955 1925 0.5 1 0 1 6885.43575 2771.29414 3452.84671 251.65687 20199254049 66965031929 83303151061 7.221 7.258 6.569 0 541 257028 409856 4662 -1 Glacier Bay National Park 
glac 1 30029000100 4389 3599.814275 1910 0 1 1 1 107685.6671 41213.11716 43783.87109 7225.55759 1325384608 27378676817 46560602418 9.386 11.077 10.575 0 48810 746982 2140494 113553 -1 Glacier National Park 
grca 1 4015950100 4058 2878.430493 1919 0.742574257 1 1 1 73907.8648 24515.9334 16079.80652 5089.25351 940573217 52932373559 91736536031 10.96 12.57 13.165 0 889334 1824684 2036608 1223785 -1 Grand Canyon National Park 
grpo 2 27031480100 4178 2.45719837 1958 0 1 0 0 2761.2488 1403.19403 1469.46848 556.61302 1074830901 3198903728 4623684032 8.675 10.753 12.715 0 3174 21525 61149 9137 -1 Grand Portage National Monument 
grte 1 56039967600 1479 927.4430792 1929 1 1 0 1 52007.30697 18908.20856 24916.54997 7425.77694 1295091330 34128501668 41560451756 9.962 10.861 12.108 0 166412 963075 1995075 281052 -1 Grand Teton National Park 
grba 1 32033970100 1791 198.3816332 1922 0.227272727 1 1 0 7312.83303 2777.53867 2760.59786 260.72136 103253369.8 26253631572 28735957683 8.077 11.83 12.946 0 4140 40862 70699 16101 -1 Great Basin National Park 
grsa 1 8109977600 3177 268.3871368 1932 0 1 1 0 52027.35135 20916.42272 14929.35917 1678.53158 43120021.61 13185976803 29820275520 11.057 12.596 11.307 0 29099 215742 237324 45381 -1 Great Sand Dunes National Park 
grsm 1 37173980200 4197 1227.78868 1926 0 1 1 1 1884093.673 761321.898 785333.2607 113855.5829 1154274362 12965054007 46055361012 12.416 13.682 13.732 0 1704818 3565172 4297690 2980063 -1 Great Smoky Mountains National Park 
gumo 1 48109950300 4035 188.8319443 1966 0.272727273 1 1 0 37636.18146 12817.86882 14123.3392 1673.6216 31897589.6 8662927609 28710280947 8.584 11.317 11.546 0 38342 60550 36229 53712 -1 Guadalupe Mountains National Park 
hafo 2 16083001500 3146 12.67011289 1988 0 0 0 0 123457.9904 44687.25005 54901.94271 4791.34166 122237718.8 14371846182 23050777298 9.132 11.935 11.061 0 2772 9025 9362 2609 -1 Hagerman Fossil Beds National Monument 
hale 1 15009030301 3316 59.98881478 1916 0.4 1 0 0 169270.1989 55442.31702 68836.39336 24562.92808 271811217.4 132474050 3414788559 10.499 11.253 9.199 0 230263 258260 269741 236130 -1 Haleakala National Park 
havo 1 15001021202 3258 630.2477609 1916 0.105263158 1 1 1 195146.2421 67575.57837 57281.30956 14025.39921 432432857.9 30573655.6 11598727850 9.553 10.134 11.214 0 363219 319054 351326 334777 -1 Hawai'i Volcanoes National Park 
hosp 1 5051010700 2172 12.53450894 1832 0.466666667 1 1 0 493713.5182 192334.0682 186003.4638 24594.38255 596688114.9 5163756122 22805825305 11.276 12.606 13.45 0 278576 398960 464902 324715 -1 Hot Springs National Park 
isro 1 26083980100 2408 542.1047443 1931 0 1 0 1 42455.1253 15993.27278 13228.37755 1886.2536 2145568119 3932916743 12611193928 8.156 10.468 12.483 1 96 5953 19854 507 -1 Isle Royale National Park 
jeca 2 46033965100 3480 3.798700954 1908 0.6 0 0 0 60241.81988 26071.81364 15614.30971 2791.10132 44034011.9 9033397138 21349342249 9.585 10.082 12.485 0 2212 40958 76543 3776 -1 Jewel Cave National Monument 
joda 2 41023960200 2059 43.01249924 1975 0 0 0 0 24456.73533 10318.42639 6880.45932 577.72092 120446854.5 15850244120 43168923230 8.743 12.398 12.746 0 10277 63993 93832 28989 -1 John Day Fossil Beds National Monument 
jotr 1 6065046900 203 1805.558387 1936 0.121212121 1 1 0 1017347.903 363575.7502 251917.1279 57431.64013 1217162166 36955535005 52817608709 11.279 14.261 12.432 0 926406 813268 420172 828701 -1 Joshua Tree National Park 
kefj 1 2122001300 1929 4100.538644 1978 0.333333333 1 0 0 18399.76438 6832.2142 4932.32853 808.6041 13051586041 46823756385 50833370481 9.881 8.262 5.624 0 98 120245 232107 4151 -1 Kenai Fjords National Park 
seki 1 6019006403 110 1118.466936 1890 0.495575221 1 1 1 724395.5537 219853.464 242967.5236 24311.0663 346983246.7 34773401072 45661962663 11.181 13.799 14.048 0 51589 189113 296655 94753 -1 Kings Canyon National Park 
lacl 1 2122000100 1929 16902.88682 1978 0 1 0 0 741.353 194.25886 137.64535 4.27537 31699475545 1.21E+11 1.30E+11 7.47 9.972 6.324 0 0 4118 13039 0 -1 Lake Clark National Park 
lavo 1 6089012603 302 289.6434921 1907 0.090909091 1 1 1 130578.8927 52038.43089 32103.75275 3091.13993 662019988.6 15642394788 31922986906 10.362 13.162 12.595 0 23151 101450 279146 113292 -1 Lassen Volcanic National Park 
labe 2 6093000100 4429 131.0604638 1925 0.25 1 1 0 64519.06023 26589.88013 23031.23255 2311.89913 1026292110 15139749107 27701159574 10.176 11.714 13.413 0 9609 29448 50448 20125 -1 Lava Beds National Monument 
libi 2 30003940600 3153 2.477349568 1886 0 0 0 0 13508.48853 3883.56457 3914.04461 368.73068 74920827.23 294020736.8 22351442583 9.701 10.32 10.849 0 3137 101384 117387 19396 -1 Little Bighorn Battlefield National Monument 
maca 1 21061980100 2898 126.9909433 1926 0.8 1 1 1 514524.6261 196897.1336 184567.6946 19832.06587 394259860.1 651373769.4 27706437150 12.457 13.24 14.002 0 59776 185666 218361 87787 -1 Mammoth Cave National Park 
meve 1 8083969100 2789 132.0321824 1906 0.090909091 1 1 1 180348.458 65579.36956 73320.42873 10591.40723 113554527.4 10007711817 27378699956 9.796 11.728 12.846 0 18501 201324 271164 65214 -1 Mesa Verde National Park 
moca 2 4025001603 1785 2.329355764 1906 0 0 0 0 294484.8759 119678.2549 99502.88874 19689.89671 48231843.2 16367532534 22528889578 12.449 11.46 12.931 0 84027 117063 81912 93252 -1 Montezuma Castle National Monument 
mora 1 53053070100 858 787.3449967 1899 0.142857143 1 1 1 2016375.127 739660.6927 777743.1087 84181.8876 891224987.7 18586673319 41652854494 12.515 12.178 11.323 0 56777 355409 927671 161764 -1 Mount Rainier National Park 
muwo 2 6041131100 170 1.389574142 1908 0 0 0 0 4915999.744 1795452.152 2554076.379 299037.9443 824581464.9 3357072826 11420675354 13.307 12.048 11.479 0 130720 238319 288315 154719 -1 Muir Woods National Monument 
noca 1 53073010100 3235 1791.95015 1968 0.064516129 1 0 0 70819.23276 27138.50068 15254.07277 2351.88893 575911579.9 31694181784 39696003382 12.025 11.668 12.28 0 35 5805 31813 555 -1 North Cascades National Park 
olym 1 53031950702 3236 3148.701812 1909 0.4 1 1 1 567085.8171 227467.8019 139644.1733 20383.99063 2831754712 14941971557 37956613566 12.436 12.065 11.399 0 260201 967137 1654961 363507 -1 Olympic National Park 
orca 2 41033361600 2078 12.82212293 1909 0 0 0 0 296726.5902 121888.1484 116999.0254 15638.92658 211250015.2 18716513589 25712534002 10.42 11.23 12.995 0 4487 20303 23759 16457 -1 Oregon Caves National Monument and Preserve 
orpi 2 4019005200 44 717.4333472 1937 0 1 1 0 8262.09776 2535.89833 1444.08032 98.64302 1329698.412 7432409604 22143099411 11.048 12.452 13.453 0 107668 51708 44282 59528 -1 Organ Pipe Cactus National Monument 
pefo 1 4001970200 4059 517.8572843 1906 0.4 1 0 0 84672.31217 26506.24768 18047.79898 2573.66417 50082416.21 5250962274 37466352733 9.056 12.825 11.755 0 91870 224820 205347 121551 -1 Petrified Forest National Park 
pinn 1 6069000802 4472 64.40912016 1908 0 0 0 0 642161.6705 186102.2909 241941.0543 30160.93024 295853091.4 4454211967 23682800358 12.638 13.131 13.784 0 37570 54693 43976 40985 -1 Pinnacles National Park 
redw 1 6023010200 4436 372.6798202 1968 0.363636364 1 0 0 168359.4148 67136.4569 57370.99298 8120.29561 486905991.5 17034546524 26348404685 10.318 10.843 13.466 0 65835 172112 180545 86230 -1 Redwood National Park 
romo 1 8069002803 303 716.5109143 1915 0 1 1 0 1453349.145 558558.4386 637083.0587 83065.634 466553185.1 20946092373 36466432490 12.441 11.322 10.933 0 364439 1138834 2556351 610429 -1 Rocky Mountain National Park 
sagu 1 4019004061 48 203.8765447 1933 0.416666667 1 0 0 1142045.43 446748.2482 372815.3286 51284.81139 27146302.52 10004412878 37165524594 11.043 12.395 11.52 0 384614 243121 144674 247817 -1 Saguaro National Park 
scbl 2 31157953900 2286 9.027834972 1919 0.111111111 0 0 0 53926.01711 21573.31074 23839.72037 2134.44498 61859692.53 681450489.5 21998148622 9.2 12.462 11.532 0 10158 50400 84310 21139 -1 Scotts Bluff National Monument 
seki 1 6107000100 288 981.5389444 1890 0.495575221 1 1 1 601989.2639 178868.9788 202669.2241 15137.98201 219587129.4 27936191362 40639278085 11.361 13.981 13.888 0 128104 366752 528411 222786 -1 Sequoia National Park 
shen 1 51113930200 3986 498.0804392 1926 0.338028169 1 1 1 1661390.667 589489.0199 648006.3222 74806.51817 361941500.3 7130412932 47282593059 13.085 13.773 14.39 0 69110 423461 539185 393751 -1 Shenandoah National Park 
thro 1 38007963100 1775 237.4266301 1947 0.444444444 1 1 0 50390.45164 19316.28993 30782.01828 3173.12603 879495959.4 9639202221 46435180197 8.884 10.001 10.571 0 9637 220788 395585 65648 -1 Theodore Roosevelt National Park 
tont 2 4007000800 1781 2.523790548 1907 0 0 0 0 765888.6392 278161.8777 152265.67 24258.49938 173973045.7 13523599291 21181644956 12.572 10.512 12.186 0 13226 7912 1298 6417 -1 Tonto National Monument 
tuzi 2 4025001900 1785 1.877797133 1939 0 0 0 0 288827.8939 117006.3004 100703.6799 19782.01863 32268487.03 13152501548 21114304247 12.359 12.838 12.142 0 23203 29730 19373 26232 -1 Tuzigoot National Monument 
voya 1 27137015500 4302 724.8355607 1971 0.5 1 0 1 15002.22987 6725.06711 5568.87191 1288.00466 2025147251 9329140299 20332667761 9.533 10.767 12.574 0 15274 75798 128134 13768 -1 Voyageurs National Park 
waca 2 4005001500 4383 7.561120465 1915 0 0 0 0 146976.4402 55595.3051 58931.23011 14835.7257 49437669.67 11556300039 22505225007 11.517 12.375 12.907 0 26360 48479 45581 31913 -1 Walnut Canyon National Monument 
whsa 1 35035000601 1642 327.0062654 1933 0.833333333 1 0 0 228323.7057 85426.60767 75428.70816 10167.47228 185633038.1 13881271600 30659938767 10.9 11.072 11.801 0 123936 189282 157882 137685 -1 White Sands National Park 
wica 1 46033965100 3480 100.6972981 1903 0.6 1 1 0 119292.9312 48482.95817 57358.27594 8462.8721 74230765.69 9470516216 26379193430 9.585 10.082 12.485 0 46933 228808 293964 45645 -1 Wind Cave National Park 
wrst 1 2261000100 1930 55302.94535 1978 0.266666667 0 0 0 3982.35101 1289.07342 1243.22901 107.0127 25184595616 2.02E+11 3.11E+11 3.807 8.62 9.962 0 350 21537 52006 625 -1 Wrangell-St. Elias National Park 
wupa 2 4005002200 4382 83.45441255 1924 0 1 0 0 110682.3082 36397.08607 44792.2359 10055.08567 37258458.84 7952682651 26828309715 10.171 13.186 12.269 0 22414 55997 76064 32584 -1 Wupatki National Monument 
yell 1 56029965300 1495 6755.740415 1872 0.397196262 1 1 1 56709.53167 21707.54798 20894.18599 6745.16518 1368300506 63106027749 83328009643 9.558 10.804 11.9 0 94241 1264388 2449186 212473 -1 Yellowstone National Park 
yose 1 6109004200 3867 1864.467791 1890 0.683333333 1 1 1 183049.8363 68390.5559 49716.95553 12996.36092 846758546.2 33510369117 47357893739 11.837 13.417 13.824 0 402021 1186836 2005279 828725 -1 Yosemite National Park 
zion 1 49053270100 2327 366.2843267 1909 0 1 1 1 211303.3529 71283.68336 78185.62575 12182.6089 207775765.4 25382235717 33363247973 9.77 12.681 12.926 0 497413 1496798 1662567 831490 -1 Zion National Park 
